0.	0.	0	0.9999999999999998	0
1.	-0.00039890653427532285	-0.19945291617946007	0.9950021554588321	-0.0019900043055871702
2.	-0.0015635645196627745	-0.390888371682246	0.9800586603186447	-0.00392023448685247
3.	-0.0033997220872746814	-0.5666113126779699	0.9553191281715231	-0.00573191362085157
4.	-0.005756632461642985	-0.7195585289576776	0.9210312471891251	-0.0073682451840374474
5.	-0.008436206057564122	-0.8435826725429649	0.8775382960044069	-0.008775368425285701
6.	-0.01120512708448565	-0.9336994329717214	0.8252757009722023	-0.009903272453447076
7.	-0.013809280568511842	-0.9862879268184047	0.7647666694102868	-0.010706656114998436
8.	-0.01598970686865686	-0.9992362418063353	0.6966169427071629	-0.011145721441556289
9.	-0.01749921156780726	-0.9720262829542172	0.6215087220246414	-0.011186889310517423
10.	-0.01811871376314289	-0.9057545107169304	0.5401938276333293	-0.010803426974013708
11.	-0.017672417812915835	-0.8030877407048759	0.45348616061362307	-0.009975978259054996
12.	-0.016040942775422916	-0.6681557874554456	0.36225354265639903	-0.008692988510726696
13.	-0.013171638048434443	-0.5063852757099968	0.2674090159358544	-0.006951017724738967
14.	-0.009085448803146302	-0.3242813094477091	0.1699016904393357	-0.004754936778242836
15.	-0.00387986439088533	-0.12916578629159436	0.07070723067120868	-0.0021180032003343505
16.	0.0022723210771553918	0.07111711156553714	-0.029181922745380468	0.0009381854931310353
17.	0.009128493748622395	0.2685163992109542	-0.12876649839961618	0.00438386126167163
18.	0.01638578874579996	0.45509805042237444	-0.2270504065299662	0.0081813765356906
19.	0.023694365161930263	0.6233640138160519	-0.3230507180860058	0.012285613866538259
20.	0.030673809293483387	0.7665536514924715	-0.41580751029018653	0.016644509766838345
21.	0.03693191246521346	0.87891547689423	-0.5043934799366065	0.0211996867409332
22.	0.04208492829941234	0.9559382653122603	-0.5879232280175922	0.025887186038321297
23.	0.04577831440858472	0.9945322467274083	-0.6655621225903603	0.030638292283222623
24.	0.04770691089088236	0.9931531005295993	-0.7365346510513209	0.03538043985834716
25.	0.047633506125728906	0.951863774161324	-0.8001321781316106	0.04003818976661522
26.	0.04540479026377059	0.8723316501626655	-0.8557200319121281	0.044534264675732405
27.	0.040963797073798214	0.7577611876957874	-0.9027438469192334	0.048790628980245276
28.	0.03435808160769249	0.6127647606674105	-0.9407351008352473	0.05272960000529214
29.	0.02574306834314677	0.4431769005615437	-0.9693157894656211	0.05627497593521885
30.	0.015380223900783085	0.2558194280051854	-0.9882021932656299	0.059353165686055226
31.	0.003629950266663906	0.05822693135789139	-0.9972076978566291	0.0618943057588077
32.	-0.009060652399104197	-0.14165635615454933	-0.9962446404635734	0.06383334911403599
33.	-0.02217475164599686	-0.3357960810916888	-0.9853251639863391	0.0651111112982557
34.	-0.03514683547854125	-0.5163908396016397	-0.9645610703791951	0.06567525942813829
35.	-0.04738699422180154	-0.6761857962910174	-0.9341626750556963	0.0654812301961949
36.	-0.05830739280713612	-0.8087642396223007	-0.8944366740595819	0.06449306379593911
37.	-0.0673497581056543	-0.9088053522717734	-0.8457830456455111	0.06268414156799335
38.	-0.07401262099821833	-0.9722978372879784	-0.7886910175973543	0.06003781623170229
39.	-0.07787702485478881	-0.9967008197706282	-0.7237341409792568	0.05654792477787113
40.	-0.07862944365042869	-0.9810455674321503	-0.6515645199718914	0.05221917544413601
41.	-0.07608074401001574	-0.9259739562389634	-0.5729062559034181	0.04706740166005208
42.	-0.0701801732342629	-0.8337121533788217	-0.48854817145692003	0.04111967741786876
43.	-0.06102355432635889	-0.7079805965440251	-0.3993358882444556	0.03441429017917058
44.	-0.04885511124977221	-0.5538439110260828	-0.3061633374101834	0.02700056914832563
45.	-0.034062622987574835	-0.3775068212672072	-0.20996378859618942	0.018938568510737018
46.	-0.01716590159536957	-0.186064284154601	-0.111700487417847	0.010298607026941534
47.	0.0012011057280895687	0.012784089804106405	-0.012356995502433155	0.00116066717112217
48.	0.02031399120896957	0.2110438281147406	0.08707266989397855	-0.008386341216561451
49.	0.03938645831948194	0.4007471314782665	0.18559399769033016	-0.01824544605192953
50.	0.05760266388434717	0.5742732153962499	0.2822219462133574	-0.02831259850807631
51.	0.07415200037645323	0.724654573949093	0.3759908078820242	-0.03847776889832233
52.	0.08826483987054781	0.8458568527815387	0.4659638763858759	-0.0486261414406943
53.	0.09924767537345702	0.9330210848382097	0.5512428194137335	-0.05863939502077731
54.	0.10651607752359958	0.9826585610075418	0.6309766629777592	-0.06839705582410299
55.	0.10962393734900235	0.9927905172582485	0.70437029731077	-0.07777790661729161
56.	0.10828758818342166	0.9630270430843718	0.7706924191519173	-0.08666143653394981
57.	0.10240358812142537	0.8945820635089834	0.8292828309287927	-0.09492931447974717
58.	0.0920591916796345	0.790223819941251	0.8795590238350741	-0.1024668687222417
59.	0.07753483598142569	0.6541628702311013	0.9210219790263403	-0.10916455488373966
60.	0.0592983007557229	0.4918821408736094	0.9532611290397949	-0.11491939441642096
61.	0.03799055878537061	0.3099158933996217	0.975958430006516	-0.11963636571210738
62.	0.01440369887744175	0.115586518900674	0.98889150418209	-0.12322973028639964
63.	-0.01054833900081431	-0.08329023307438256	0.9919358216824369	-0.12562427697733855
64.	-0.0358651430124311	-0.2787197202821747	0.9850658999817885	-0.12675646780909838
65.	-0.0604999550250343	-0.4628499107576627	0.9683555096113499	-0.12657547008538106
66.	-0.08340293243980595	-0.6282869887366789	0.9419768844904656	-0.12504406038705532
67.	-0.10356575898671239	-0.7683923730138379	0.9061989453260225	-0.122139387442881
68.	-0.12006571374998042	-0.8775492114539515	0.8613845544297069	-0.11785358230823517
69.	-0.13210728418889883	-0.9513876494799225	0.8079868300262478	-0.1121942059089111
70.	-0.13905946813225858	-0.9869598344240604	0.7465445575613064	-0.10518452576818482
71.	-0.14048705085598162	-0.9828576444587188	0.6776767445699161	-0.096863615616119
72.	-0.13617436201923383	-0.9392684386562048	0.6020763742445389	-0.08728627355990654
73.	-0.12614030558592415	-0.857966620540178	0.520503420859548	-0.07652275655064017
74.	-0.11064380286012569	-0.7422413907389422	0.4337771975860455	-0.06465833099196172
75.	-0.09017918061473505	-0.5967636310291972	0.3427681138933341	-0.05179264147576307
76.	-0.06546145697389355	-0.42739730888645944	0.24838892561475578	-0.038038901774300055
77.	-0.03740190964238638	-0.24096302023779873	0.1515855657972786	-0.023522914342328574
78.	-0.00707473585121781	-0.04496320888796581	0.05332764860605968	-0.008381926661784226
79.	0.024323987445175353	0.15271986305311583	-0.04540125822349597	0.0072366652292029845
80.	0.055523478729858376	0.3441412300503507	-0.14361349463483947	0.023176753765781346
81.	0.08522970168048383	0.5216126603372079	-0.24032720417439185	0.039275083388634315
82.	0.1121790057879012	0.6780115670025778	-0.33457616528578604	0.055362924863752244
83.	0.13519173554892366	0.807066976116141	-0.4254194593884683	0.07126784317427451
84.	0.1532235394124403	0.9036110659024604	-0.5119508788637751	0.08681554044714121
85.	0.16541215893505523	0.9637861833588007	-0.5933079807519859	0.10183175425076887
86.	0.17111762344262582	0.9851990422851485	-0.6686806955880966	0.11614419068354614
87.	0.16995401155335088	0.9670159368545412	-0.7373194053347373	0.12958447097945586
88.	0.16181125986869108	0.9099951816560703	-0.7985424097614882	0.14199006989638702
89.	0.1468658889600136	0.8164555167806689	-0.8517427068160061	0.15320622393274302
90.	0.125579962206761	0.6901817931736893	-0.8963940194708278	0.1630877874433598
91.	0.09868807616712533	0.5362717754275284	-0.9320560091404523	0.17150101499896975
92.	0.06717268215043487	0.36093026498541547	-0.9583786239690999	0.17832524885412143
93.	0.032228536565997834	0.1712188612826538	-0.9751055390079226	0.18345449115278453
94.	-0.00478244873432071	-0.025228543247181268	-0.9820766544433945	0.18679884150363424
95.	-0.04238425604252821	-0.22051306744758853	-0.9792296275141887	0.18828578178857708
96.	-0.07904564612607679	-0.40678856956009946	-0.9666004234668225	0.18786129151816636
97.	-0.11324252736000973	-0.5765770137369747	-0.9443228807532271	0.18549077870126082
98.	-0.14352126876821888	-0.7230687941645236	-0.9126272955671992	0.18115981303846912
99.	-0.16856032867116044	-0.8403959507792256	-0.8718380406523354	0.174874650260464
100.	-0.18722759226374014	-0.9238673102854854	-0.8223702429929108	0.16666253859298008
101.	-0.19863094309245272	-0.9701561262467102	-0.7647255544242453	0.15657180061822967
102.	-0.20215983141175775	-0.977432710106128	-0.6994870582762364	0.1446716861933467
103.	-0.1975159385692648	-0.9454367636192693	-0.6273133638018228	0.13105199455535693
104.	-0.18473145841288546	-0.8754865528310488	-0.5489319482550133	0.1158224662628051
105.	-0.16417400792819306	-0.7704246064697571	-0.46513181398957903	0.09911194816929003
106.	-0.13653772041071333	-0.6345021750479073	-0.37675553477442625	0.0810673371662224
107.	-0.10282064355064327	-0.47320714830019767	-0.28469077159718864	0.06185231094309904
108.	-0.0642891384244279	-0.29304239888575545	-0.18986134349261122	0.04164585646569023
109.	-0.022430529553393048	-0.10126350834158768	-0.09321794333498436	0.02064060923813682
110.	0.02110423265143512	0.09441354266238357	0.004271407970291381	-0.0009589813329363182
111.	0.06456568970362206	0.28612293877001943	0.10163107290603479	-0.022938643041414283
112.	0.10617620457488897	0.46616534413807054	0.19788757679512578	-0.045076409072491885
113.	0.1442026745425728	0.6273172411956865	0.2920793571000644	-0.0671448621409954
114.	0.17702865287346928	0.7631208606602791	0.38326638476629477	-0.08891347188513975
115.	0.20322288048047726	0.8681430613238965	0.4705395611695265	-0.11015100150033913
116.	0.22160132890319473	0.9381927775643224	0.5530297965602043	-0.13062795852031325
117.	0.2312800785203776	0.9704883284968713	0.6299166791759854	-0.15011906383596052
118.	0.2317166933883461	0.963767907348772	0.7004366483820184	-0.16840571249849662
119.	0.2227381941851768	0.9183388612192813	0.763890590256215	-0.18527839959137682
120.	0.20455425662522564	0.8360638374287837	0.8196507799108715	-0.2005390844818088
121.	0.1777548537603784	0.7202844137681068	0.8671671014733907	-0.2140034670807313
122.	0.14329219314914132	0.5756853438159241	0.9059724839697696	-0.22550315034942203
123.	0.10244744822425589	0.4081049339721878	0.9356874992908161	-0.23488766418895593
124.	0.05678342056664393	0.22429923009695474	0.956024076892055	-0.24202632702857024
125.	0.008084869517371085	0.03166954190198258	0.96678829879806	-0.24680992288148557
126.	-0.04171121785989468	-0.16203570162769784	0.9678822477602036	-0.2491521733489225
127.	-0.09059269323386537	-0.34903275107580695	0.959304890959382	-0.24899098600929806
128.	-0.1365535827336869	-0.5218154379224614	0.9411519913558597	-0.24628946281146674
129.	-0.17767640299907989	-0.673456594989666	0.9136150485685351	-0.24103665447681494
130.	-0.21221207983617096	-0.7978858872875281	0.8769792809170882	-0.2332480494814243
131.	-0.2386541415904625	-0.8901329058200993	0.8316206698841313	-0.22296578891038443
132.	-0.2558040476350406	-0.9465257856315531	0.7780020976538431	-0.21025860132324597
133.	-0.2628248332274043	-0.9648374083940245	0.71666861746376	-0.19522145471356112
134.	-0.25928069393445746	-0.9443733663637809	0.6482419051766923	-0.17797492565429046
135.	-0.2451606792036557	-0.885998213065409	0.5734139486525841	-0.1586642887634853
136.	-0.2208852942525485	-0.7920990118621162	0.49294003909442263	-0.13745833266739327
137.	-0.18729549730978245	-0.6664877164673338	0.4076311354817466	-0.11454791164824937
138.	-0.14562429767413224	-0.5142463758970794	0.318345679420996	-0.09014424510821983
139.	-0.09745187974073284	-0.3415214515063304	0.22598094317243164	-0.06447697982651082
140.	-0.044645869320455236	-0.15527557342774392	0.13146399820477606	-0.037792032701654446
141.	0.010711007708817794	0.03699323384801468	0.035742395336136976	-0.010349234224647608
142.	0.06640307507968886	0.22755352996622585	-0.060225349692744554	0.017580204708435656
143.	0.12017042371056198	0.40875147455632993	-0.15547936952632324	0.04571637789086904
144.	0.1698006434830574	0.5733183641644704	-0.24906806081974167	0.07377349415175262
145.	0.21321984466408847	0.714662328342564	-0.340057605713203	0.10146278466444478
146.	0.24857922482304418	0.8271324744105425	-0.42754130374994087	0.12849547757799376
147.	0.27433357149408694	0.9062448921692652	-0.5106486208528886	0.15458580928749693
148.	0.2893083756138752	0.9488614762357891	-0.5885538649306232	0.17945404093175754
149.	0.2927526560555077	0.953314431982146	-0.6604844015428728	0.20282944830727379
150.	0.28437514558536553	0.9194715240740972	-0.7257283277795565	0.22445325332413407
151.	0.2643621421506225	0.8487395157524746	-0.7836415280464832	0.24408146540476214
152.	0.2333760608928342	0.7440057359137828	-0.8336540417487778	0.26148760184155095
153.	0.19253450248223142	0.6095201994672779	-0.8752756798554373	0.27646525708003034
154.	0.14337045072684856	0.4507230942523065	-0.9081008349442183	0.2888304921734202
155.	0.08777499429709468	0.2740246390429424	-0.9318124374880175	0.2984240172517446
156.	0.027924701439910937	0.08654622392607295	-0.946185019769634	0.3051131417491665
157.	-0.03380356804693857	-0.10416670974964758	-0.9510868578138703	0.3087934693204767
158.	-0.09492708045285331	-0.2904484693402405	-0.9464811710140981	0.30939031682979123
159.	-0.15295712379221055	-0.46482135421559023	-0.9324263686107546	0.30685983948904166
160.	-0.20550036045256947	-0.6202959428403113	-0.9090753417568157	0.3011898471333382
161.	-0.25035750840267545	-0.7506513600447192	-0.8766738094837317	0.2924002997169638
162.	-0.28561528324908125	-0.8506842817208546	-0.8355577363648129	0.2805434733655356
163.	-0.3097277618018447	-0.9164167061692735	-0.7861498489662713	0.2657037916950076
164.	-0.32158371633712524	-0.9452541927208851	-0.7289552871866639	0.24799732057089546
165.	-0.320557003279268	-0.9360882712928854	-0.664556435222374	0.22757092799744638
166.	-0.3065377502508606	-0.8893389801807633	-0.5936069850748324	0.20460111435791464
167.	-0.2799428456500623	-0.80693590263267	-0.516825293151785	0.17929252173892848
168.	-0.24170506500484082	-0.6922385482911297	-0.43498709753479076	0.15187613452482018
169.	-0.1932410350214726	-0.5498993637355584	-0.3489176698178947	0.12260718680701387
170.	-0.13639910431847488	-0.3856749590733917	-0.25948348100531216	0.09176279538156262
171.	-0.07338902371044181	-0.2061932123459825	-0.1675834657337954	0.059639340170176934
172.	-0.006696103995412917	-0.018685677275024227	-0.07413997301076015	0.026549616763183168
173.	0.06101681662382071	0.16930389795609765	0.01991050530664305	-0.007180211585769433
174.	0.12701572841301356	0.35022318769063465	0.11362673495230474	-0.04121383281288111
175.	0.18860587981362006	0.5168148169565386	0.2060721741001467	-0.07520814396287527
176.	0.2432418189833967	0.6624075971831991	0.29632434788869405	-0.10881671462190119
177.	0.2886325529860095	0.7811837777043448	0.38348406862058076	-0.1416933208788731
178.	0.32283748183030836	0.8684116026686229	0.4666844093134638	-0.1734955137479806
179.	0.34434909522946283	0.9206338737698121	0.5450993408820702	-0.20388818527097016
180.	0.3521589182188297	0.9358050020130456	0.6179519467342857	-0.23254709518240152
181.	0.34580383896228617	0.9133711142843361	0.6845221329303274	-0.2591623210713446
182.	0.32539072321407414	0.8542900785609874	0.7441537572381638	-0.28344159541208647
183.	0.2915980846784979	0.7609907324160108	0.7962611063676205	-0.3051134936636135
184.	0.2456545044705591	0.6372730454518208	0.8403346573182106	-0.32393043884780404
185.	0.1892944388041934	0.48815331900229936	0.8759460660647048	-0.3396714896002382
186.	0.12469298342935348	0.3196607305172868	0.9027523346542298	-0.35214488063251187
187.	0.05438203800817748	0.13859347706941877	0.9204991161203172	-0.3611902868333321
188.	-0.0188489027646892	-0.047755615543446345	0.9290231253473117	-0.36668078484704286
189.	-0.09206344488757878	-0.23189293892964283	0.9282536330543136	-0.36852448887798545
190.	-0.16229608381552052	-0.4064255591139952	0.9182130293200634	-0.3666658406490454
191.	-0.22667235950162237	-0.564358152491878	0.8990164524446653	-0.3610865368619892
192.	-0.28252650775834676	-0.6993734896452158	0.8708704883460252	-0.3518060811322994
193.	-0.327511792228147	-0.8060852163788829	0.834070955023818	-0.33888195116486086
194.	-0.35969895262733886	-0.8802528132339769	0.7889997957968032	-0.3224093758614618
195.	-0.37765864504034086	-0.9189501518367933	0.7361211139389421	-0.3025207210658113
196.	-0.3805243627054812	-0.9206809462635275	0.6759763899156159	-0.27938448671553795
197.	-0.3680330875475117	-0.8854365439632429	0.6091789305682089	-0.2532039222401985
198.	-0.3405418039595037	-0.8146938269040276	0.5364076072312287	-0.2242152710783945
199.	-0.29901897213636686	-0.7113534056148398	0.45839994681560403	-0.1926856591405972
200.	-0.24501106995862537	-0.5796206895083765	0.3759446462844299	-0.15891064587748274
201.	-0.1805853291258735	-0.4248347097231439	0.2898735866201982	-0.1232114602827666
202.	-0.10825077147818526	-0.2532516636471631	0.2010534272798285	-0.0859319476266055
203.	-0.030860554865084246	-0.07179195941196646	0.11037686620745678	-0.04743525594136355
204.	0.04850057305494194	0.11223900833843084	0.01875365368599152	-0.00810029423078143
205.	0.12663927331974198	0.29144508105278344	-0.07289854937394356	0.03168200298705617
206.	0.2003821604788411	0.4586367029307867	-0.16366337670666276	0.07151256789307514
207.	0.26670471724436423	0.6071194711406148	-0.2526349330488111	0.1109882094939186
208.	0.3228553405602076	0.7309622841865552	-0.33892684955978614	0.14970570127556068
209.	0.3664694316474506	0.8252343434435935	-0.4216811276614595	0.18726590486225902
210.	0.3956688022033699	0.8862015340314449	-0.5000766829399184	0.22327788744746052
211.	0.40914222436303593	0.9114743612000142	-0.5733375039215557	0.2573629904852578
212.	0.40620368233962834	0.9001015802001787	-0.6407403445547655	0.2891588072925566
213.	0.3868257605854486	0.8526058517477813	-0.7016218740553857	0.3183230278149577
214.	0.3516465923752845	0.7709600929729212	-0.7553852133581989	0.3445371098498839
215.	0.3019498545517997	0.6585055808758387	-0.8015057937011396	0.36750973749125493
216.	0.23961838612727923	0.5198152056603851	-0.8395364797890212	0.3869800294484607
217.	0.16706308625593874	0.36050747081511286	-0.8691119074684307	0.4027204621817678
218.	0.087129766728056	0.18701880722645914	-0.8899519938198192	0.4145394754657637
219.	0.0029875535463365077	0.006343431079267742	-0.9018645859545112	0.4222837310167084
220.	-0.08199678698042712	-0.17424873649435138	-0.9047472235101937	0.42583999816980994
221.	-0.16439361282795323	-0.34750470726026883	-0.8985879987787991	0.4251366442365142
222.	-0.24084886513411086	-0.5064798370053042	-0.8834655074872202	0.4201447110729224
223.	-0.3082206295395314	-0.644816296985161	-0.8595478923910774	0.41087856351214924
224.	-0.36370823865505403	-0.7569974349831112	-0.8270909909441776	0.3973960996118263
225.	-0.4049686113364563	-0.8385678457857194	-0.7864356072794736	0.3797985171029985
226.	-0.4302149993750253	-0.8863103689949896	-0.7380039374916532	0.3582296349506998
227.	-0.4382939874864279	-0.8983729807876948	-0.6822951856595196	0.3328747735060482
228.	-0.42873744222508714	-0.8743405744868136	-0.6198804161034797	0.3039592012962722
229.	-0.401787096477105	-0.815248850498146	-0.5513966949598934	0.27174616101624594
230.	-0.3583905492809291	-0.7235398693680832	-0.47754058119395976	0.23653449170654117
231.	-0.30016861221003927	-0.6029611683640528	-0.39906103359632444	0.19865586838153182
232.	-0.22935509702320023	-0.4584126076347347	-0.3167518060525205	0.15847168446266124
233.	-0.14871126748886423	-0.29574720568121904	-0.23144340838141347	0.11636960623252934
234.	-0.061418225032767663	-0.12153406166971979	-0.14399471426015656	0.07275983211392363
235.	0.029048580088183056	0.057207029392646054	-0.05528430114766069	0.028071092855419026
236.	0.11905776150356043	0.2332885434529991	0.033798390347321794	-0.01725356836432544
237.	0.20496781919123064	0.399644365466519	0.12236198855687537	-0.06276119435071972
238.	0.2832745137164132	0.5496134627657039	0.20952212445604373	-0.10799344712068745
239.	0.3507538258801255	0.6772067010252399	0.29441027728363217	-0.15249123053007207
240.	0.40459466863441507	0.7773461110544425	0.376182443445846	-0.19579935563363754
241.	0.4425158893917764	0.8460670442039023	0.4540275420146497	-0.23747120132744115
242.	0.46286269687530046	0.8806751660187186	0.5271754729490068	-0.2770733225226347
243.	0.46467844487983245	0.8798520703046596	0.594904747823457	-0.3141899582883573
244.	0.44774867480327285	0.8437053746155043	0.6565496173052252	-0.3484273930805199
245.	0.41261542142250335	0.7737613991794843	0.7115066248327392	-0.379418125340079
246.	0.3605609782923954	0.6729008439679741	0.7592405218604389	-0.40682479939020383
247.	0.29356155254703986	0.5452401697822533	0.799289486586548	-0.4303438586727831
248.	0.21421246394980287	0.3959635667638476	0.8312695952043622	-0.449708880923724
249.	0.1256277099178113	0.2311123702583405	0.8548785023405716	-0.4646935588685576
250.	0.031317779089066244	0.05734048038903031	0.8698982953882571	-0.47511429339947975
251.	-0.0649494930762397	-0.118354309627067	0.8761974958252825	-0.4808323699374283
252.	-0.1592995102635824	-0.28891222397924315	0.8737321892452112	-0.4817556927552706
253.	-0.2479069222855106	-0.4474952922504106	0.8625462746304272	-0.4778400563971053
254.	-0.32715076915789454	-0.5877616027266687	0.8427708322755256	-0.4690899379345385
255.	-0.3937624682016544	-0.704119017133402	0.8146226186344947	-0.45555879860535015
256.	-0.4449605953720949	-0.7919481928559291	0.7784017051272327	-0.4373488883353631
257.	-0.47856690455092965	-0.8477860151814716	0.7344882865119055	-0.41461055170105243
258.	-0.4930987500645486	-0.869462153665913	0.6833386927232113	-0.38754103899581327
259.	-0.4878340005105377	-0.8561833577649376	0.6254806460094493	-0.35638283116454306
260.	-0.46284562000849183	-0.8085622202576102	0.5615078126948128	-0.32142149241722784
261.	-0.4190043031976685	-0.7285893772357368	0.4920737058722356	-0.28298306926831684
262.	-0.35794883438360453	-0.6195503901264512	0.41788500172793636	-0.24143105952479832
263.	-0.2820251475534006	-0.48589077668506153	0.3396943379480016	-0.19716297931029267
264.	-0.19419633964580602	-0.333034734894825	0.2582926677040476	-0.15060656051687896
265.	-0.09792708247573635	-0.16716495300912965	0.17450124700970715	-0.10221561507531549
266.	0.002953059922948916	0.0050275533087957	0.08916333674142626	-0.05246560608328256
267.	0.10440201603353522	0.17661345122987793	0.003135703292367119	-0.0018489690918960602
268.	0.20232722819144242	0.3407040482797573	-0.08271999634734875	0.049129770314323
269.	0.29275081356406674	0.4907279626332719	-0.16754585833394733	0.09995903413032374
270.	0.3719711969726887	0.6206943899085131	-0.2504963177040151	0.15012533432826428
271.	0.43671464619472106	0.7254324152292307	-0.3307465900571511	0.19911846824418977
272.	0.48427050589758025	0.8007968074046901	-0.4075008847985545	0.24643671429306774
273.	0.5126045458660831	0.8438321024491088	-0.480000308050323	0.2915919750226875
274.	0.5204456892150245	0.8528884802967599	-0.5475303766544113	0.33411481472904536
275.	0.5073424338407798	0.8276848924328439	-0.6094280687857043	0.37355933961107823
276.	0.4736864842366023	0.7693170300390484	-0.6650883415273623	0.40950786973491443
277.	0.4207024231423938	0.68020994595332	-0.713970051281898	0.4415753538975506
278.	0.35040362077720383	0.5640173695860675	-0.7556012190437563	0.46941348081108325
279.	0.2655159484606563	0.4254718923678554	-0.7895835892782699	0.49271444284978766
280.	0.16937217773654306	0.2701921665095853	-0.8155964383698845	0.5112143118873961
281.	0.06578115200703816	0.10445497319581634	-0.8333995962450613	0.5246959904699452
282.	-0.04112313443018267	-0.0650585905064835	-0.8428356527650513	0.5329917056839145
283.	-0.1470465686723561	-0.23153253901823065	-0.8438313287396529	0.5359850175513305
284.	-0.2477074722809031	-0.388290170624169	-0.8363979998513118	0.533612318567927
285.	-0.33900973858850797	-0.5290619519679971	-0.8206313703153265	0.5258638060510701
286.	-0.4172095506661471	-0.6482363623118239	-0.796710301649007	0.5127839142307327
287.	-0.47906889273471265	-0.7410836574846639	-0.7648948103966003	0.49447119844575993
288.	-0.521989560542756	-0.8039436277326578	-0.7255232569705947	0.4710776693463766
289.	-0.5441221270583059	-0.8343698941370752	-0.6790087558424529	0.44280758059420283
290.	-0.5444452998756544	-0.8312250548256959	-0.6258348450646971	0.4099156791386245
291.	-0.522812277675822	-0.7947229830455714	-0.566550460455664	0.3727049326739971
292.	-0.4799620285895949	-0.7264167136242845	-0.5017642666544782	0.33152375429136605
293.	-0.41749482093551826	-0.6291325461837718	-0.4321384035887747	0.2867627495735257
294.	-0.3378127800357866	-0.5068531543582242	-0.35838171262926444	0.2388510163907714
295.	-0.24402766536041282	-0.3645545333524223	-0.28124251177651954	0.1882520323827342
296.	-0.13983940240123346	-0.20800346157018798	-0.20150099358708126	0.13545916951101838
297.	-0.029390108635480867	-0.04352372210540737	-0.11996132315543205	0.08099087909030755
298.	0.08290062693025119	0.12225943582710919	-0.03744351629116178	0.025385594309128692
299.	0.19251265827200598	0.2826862657090856	0.04522481996031272	-0.03080359960251827
300.	0.2950073064015177	0.4313301609555785	0.12721680112817016	-0.08701447474928288
301.	0.3862071601011606	0.5622552007129143	0.20771454979775145	-0.14268129455101278
302.	0.4623663676564397	0.6702532790810337	0.2859173676118415	-0.1972405158061477
303.	0.5203244763935493	0.7510513414457229	0.3610497129862395	-0.2501365013014225
304.	0.5576375024620728	0.8014804792663438	0.4323689049003192	-0.30082718499630356
305.	0.5726807983510258	0.8196001907474645	0.49917247608781856	-0.3487896319646768
306.	0.5647193957149388	0.8047729358346747	0.560805102682268	-0.39352543602021695
307.	0.5339427925208032	0.7576861259315614	0.6166650418274258	-0.4345658992821534
308.	0.4814625750166214	0.6803208101695448	0.6662100138974627	-0.47147693984473044
309.	0.40927275971507043	0.5758684653278006	0.7089624717325926	-0.503863676179369
310.	0.3201742483475426	0.44859937922120974	0.7445142056212941	-0.531374639903511
311.	0.21766624856968286	0.30368805393615045	0.7725302395871817	-0.5537055720641965
312.	0.10580886569492215	0.14700276819099206	0.792751981794666	-0.5706027620766292
313.	-0.010937739481013176	-0.015132140956126472	0.8049995994990352	-0.5818658928894653
314.	-0.12789125371093474	-0.17619164418083622	0.8091735968557418	-0.5873503607758167
315.	-0.24033507670839382	-0.32971271869855334	0.8052555819889798	-0.5869690433262996
316.	-0.34370860838032635	-0.46955379938534075	0.7933082179199141	-0.580693494694944
317.	-0.43379227801487413	-0.5901405627281746	0.7734743601855976	-0.5685545528676743
318.	-0.5068798063248425	-0.6866882036596083	0.7459753921584831	-0.5506423496277653
319.	-0.559930666845987	-0.7553913389644806	0.7111087771199679	-0.5271057199245026
320.	-0.5906964760066724	-0.7935739983651181	0.6692448539694561	-0.4981510134484991
321.	-0.5978160618756465	-0.7997937911684407	0.6208229109838053	-0.4640403173177687
322.	-0.5808752002102104	-0.7738961961760942	0.566346579206062	-0.425089104820365
323.	-0.5404284139783716	-0.7170169399128821	0.5063785937654838	-0.38166333107922157
324.	-0.4779817529259608	-0.6315325214950718	0.4415349776465617	-0.33417600224248256
325.	-0.3959370420445495	-0.5209610271998147	0.3724787080722227	-0.28308325029682435
326.	-0.2974996485912572	-0.3898173701588338	0.29991293069006875	-0.2288799507964413
327.	-0.18655330337161008	-0.24342891070220324	0.22457379110148107	-0.17209492563963416
328.	-0.06750686277489319	-0.08771898800487649	0.14722295691150278	-0.11328577745877935
329.	0.05488094183181544	0.07103283879811585	0.06863990636572304	-0.05303340616946088
330.	0.17569179923794642	0.22644413203613944	-0.010385938244925647	0.008063738292025486
331.	0.29004554556828405	0.3722862748625462	-0.08906315291052298	0.06939561006399225
332.	0.3932973712938972	0.5027342001408603	-0.16660624994237408	0.13034666892683877
333.	0.48122653608202326	0.6125991323760154	-0.24224353200077192	0.19030206819344792
334.	0.5502089220898791	0.6975350400479319	-0.3152247834758419	0.24865386659980165
335.	0.5973663706722625	0.7542105815057555	-0.38482872246690036	0.3048072013292654
336.	0.6206866503162461	0.7804397405134285	-0.45037013925118485	0.35818635939741184
337.	0.6191090598539831	0.7752660297441373	-0.5112066505159003	0.40824068535806873
338.	0.5925720351154832	0.7389970234870402	-0.5667450027106626	0.454450264658956
339.	0.5420206450070746	0.6731879881694549	-0.6164468626179385	0.4963313239673154
340.	0.4693734738825466	0.5805754298619373	-0.6598340385874839	0.5334412923828982
341.	0.3774500262952468	0.46496338908222024	-0.6964930817802515	0.5653834706356468
342.	0.269861391591971	0.33106720415754265	-0.7260792231584562	0.591811259096209
343.	0.15086840435774024	0.18432115944079364	-0.7483196087740859	0.6124318996751247
344.	0.025212871311738938	0.03065786623076988	-0.7630158030790234	0.6270096914097746
345.	-0.10207144890650449	-0.1237316644376863	-0.7700455374339292	0.6353686446892478
346.	-0.22586057573614135	-0.2726475505786108	-0.76936368865202	0.6373945445990185
347.	-0.34114665892848095	-0.4101301084965953	-0.7610024802027063	0.6330363997214944
348.	-0.44324063960185783	-0.5306984526275215	-0.7450709065391918	0.6223072588492021
349.	-0.5279630158980541	-0.6295690698262887	-0.7217533888234915	0.6052843843938946
350.	-0.5918149504526102	-0.7028456485355086	-0.6913076780258108	0.5821087777418138
351.	-0.6321227142859545	-0.7476726278238226	-0.6540620288935051	0.5529840583505932
352.	-0.6471495059401811	-0.7623464150033769	-0.6104116755440757	0.5181747049384503
353.	-0.6361699748440706	-0.7463799427397134	-0.5608146463642005	0.47800367361632723
354.	-0.5995042629601088	-0.700518127170802	-0.505786962423782	0.432849414192498
355.	-0.5385099995987817	-0.6267037709273812	-0.44589726967583193	0.38314231207079025
356.	-0.45553237595714147	-0.5279954490255686	-0.3817609607504087	0.3293605891055545
357.	-0.35381412036308574	-0.4084408411121289	-0.31403384710830107	0.2720257024069449
358.	-0.23736882386938257	-0.272910753240194	-0.24340544665122033	0.2116972853506774
359.	-0.11082256257658574	-0.12690063512060776	-0.1705919555457486	0.1489676798826334
360.	0.020769933263618475	0.023692317510583132	-0.09632897597518755	0.08445611356874382
361.	0.15212725630240118	0.17280743184850128	-0.02136407375779016	0.018802578679594804
362.	0.277953371761188	0.31446456785077814	0.05355075875896387	-0.04733852612589825
363.	0.39315122252581575	0.4430040409921617	0.12766665841163294	-0.11330492827660753
364.	0.49302927107425426	0.5533128284808937	0.20024538948979198	-0.17843312263666908
365.	0.5734926061138677	0.6410280146022933	0.2705667093400516	-0.24206505504063514
366.	0.6312108277418643	0.7027093777328169	0.33793552767266416	-0.30355478060736696
367.	0.6637558281729037	0.7359742908371592	0.40168878826490456	-0.3622750293786635
368.	0.66970377049306	0.7395896467205583	0.46120200479418894	-0.4176236124673013
369.	0.6486969888210413	0.7135172660663023	0.5158953862525111	-0.46902960321836645
370.	0.6014631332799096	0.6589111293271779	0.5652394917518795	-0.51595922987779
371.	0.5297905984040776	0.5780667166081866	0.6087603594823146	-0.5579214189043686
372.	0.4364610351931204	0.47432466437616005	0.6460440600765855	-0.5944729313347485
373.	0.3251414839610304	0.3519327767814409	0.6767406306132033	-0.6252230384815141
374.	0.20024030709779822	0.21587208932351803	0.7005673518871902	-0.6498376876793714
375.	0.06673258107240931	0.07165410735395361	0.7173113383321912	-0.6680431137477942
376.	-0.07003813506767315	-0.07490252499807049	0.7268314170166748	-0.6796288572646543
377.	-0.20457375360590493	-0.21790687300511905	0.7290592793893311	-0.684450156590005
378.	-0.33144276456710503	-0.3516325943129449	0.723999896840088	-0.682429686784773
379.	-0.44549959930623284	-0.47074732755401866	0.7117311985976936	-0.6735586250743625
380.	-0.5420933885467609	-0.5705253940972778	0.6924030179268553	-0.6578970292470037
381.	-0.6172576429342451	-0.6470353255954026	0.6662353199421945	-0.6355735222828379
382.	-0.6678731188794808	-0.697294773942218	0.6335157315483599	-0.6067842835134595
383.	-0.6917971828334075	-0.7193866997217646	0.5945964009734773	-0.5717913536410547
384.	-0.6879543120305557	-0.712532315214925	0.5498902210168575	-0.5309202679302931
385.	-0.6563839167550318	-0.6771180140501546	0.49986645641570193	-0.48455703875320283
386.	-0.5982433767228782	-0.6146753803168344	0.44504582158706474	-0.43314451534665144
387.	-0.5157659838939517	-0.5278152601303074	0.3859950603630905	-0.37717815506548635
388.	-0.4121753035744955	-0.4201187220736069	0.3233210841573083	-0.31720124651432385
389.	-0.29155923160170316	-0.2959894556362389	0.2576647292310939	-0.25379963065529176
390.	-0.15870866613538942	-0.16047368986404859	0.18969419733188259	-0.1875959712567458
391.	-0.018927161310770872	-0.01905499695574953	0.12009824691441538	-0.1192436308144691
392.	0.12218087258290038	0.12256767315315514	0.04957920440660234	-0.049420212291716566
393.	0.2589349610385729	0.2587097394192923	-0.021154133477901405	0.021179169357793234
394.	0.3858073294797402	0.38392925202672923	-0.09139363455930315	0.09184881893749289
395.	0.4976464232463272	0.4932445010293943	-0.16043893123147582	0.1618795267661439
396.	0.5898861420206563	0.5823322664913401	-0.22760441444320834	0.23056569756635686
397.	0.6587322881262236	0.6476988182481602	-0.2922260516923991	0.29721247069722073
398.	0.7013186144068593	0.6868169005990644	-0.3536679611530558	0.3611427597622536
399.	0.7158260546668882	0.6982233320762152	-0.41132867678007035	0.421704140171253
400.	0.7015601807707333	0.6815734557266806	-0.46464704260626655	0.47827551450725114
401.	0.6589835974634983	0.6376504256446861	-0.5131076784258981	0.5302734875377572
402.	0.5897017922406573	0.5683291397831952	-0.5562459636036792	0.5771583853951238
403.	0.496402830732922	0.47649645364268833	-0.5936524908127719	0.6184398568087902
404.	0.38275315267190646	0.3659310608482685	-0.6249769470339389	0.6536819982707456
405.	0.25325350420709414	0.24114803469565968	-0.6499313850853786	0.6825079496164067
406.	0.11306066690161493	0.10721442533626807	-0.6682928552363523	0.7046039116614433
407.	-0.032217954073470834	-0.03045655513846396	-0.6799053730227839	0.7197225432006338
408.	-0.1767486976846139	-0.16632439757008904	-0.6846812061639841	0.7276857007917281
409.	-0.3147059897574942	-0.29494435837674604	-0.6826014704045555	0.7283864912556917
410.	-0.4405072432362867	-0.4111857358968505	-0.673716031107773	0.721790613658933
411.	-0.5490388406702296	-0.5104366064615783	-0.6581427144318263	0.7079369746369373
412.	-0.6358640481011135	-0.5887868475387709	-0.63606583886059	0.6869375681995851
413.	-0.6974044046814523	-0.6431821829569438	-0.6077340846646841	0.6589766185544758
414.	-0.7310871714779413	-0.6715431813344968	-0.5734577254689099	0.6243089919215231
415.	-0.7354527653100458	-0.6728445740508193	-0.533605252432977	0.5832578907144279
416.	-0.7102176960376567	-0.6471518746269415	-0.4885994275510107	0.5362118507578837
417.	-0.6562903050434423	-0.5956140114446251	-0.43891280818159356	0.48362106932006466
418.	-0.5757384975751106	-0.5204124602045521	-0.38506279008001065	0.4259930985944781
419.	-0.47171059601485843	-0.4246691097938198	-0.3276062208663083	0.36388794579496475
420.	-0.34831233705088693	-0.31231674509134955	-0.2671336399820995	0.2979126271646112
421.	-0.21044481643647642	-0.18793751670031283	-0.20426320472599968	0.22871522888022844
422.	-0.0636097782133187	-0.056576031535591265	-0.13963436487824443	0.1569785330008066
423.	0.08631001406017656	0.07646531029466298	-0.07390135070207147	0.08341327120550762
424.	0.23328655343412474	0.2058404265123042	-0.007726540722836069	0.008751073047381933
425.	0.37138905967522734	0.32637446260493613	0.05822622337934817	-0.0662628212305293
426.	0.495023386436212	0.4332708579939194	0.12329830717770925	-0.14087701064544741
427.	0.5991586977821383	0.5223022797700038	0.18684287205647526	-0.21434147161965486
428.	0.6795322261310539	0.5899778212634377	0.24823131588014063	-0.2859151085952548
429.	0.7328237759613458	0.6336798514712368	0.3068595015128628	-0.35487324100171835
430.	0.7567928293516162	0.6517651517945946	0.36215371134693397	-0.4205149508351926
431.	0.7503725936069086	0.6436264371334148	0.4135762690353666	-0.4821702162512327
432.	0.7137170489732012	0.6097119694044454	0.4606307732430879	-0.5392067584738839
433.	0.6481989371983594	0.5515026674615864	0.5028668923938918	-0.5910365319675157
434.	0.5563586040121256	0.47144782955080566	0.5398846740526285	-0.6371217911786902
435.	0.4418055911473879	0.37286224382869126	0.5713383276931139	-0.6769806712033509
436.	0.3090767863023258	0.25978900255683357	0.5969394451098023	-0.7101922244303027
437.	0.16345670499130444	0.13683369490360026	0.6164596285761952	-0.7364008605107624
438.	0.010767024777503575	0.008976777953892345	0.6297325029745466	-0.7553201428537921
439.	-0.14286624324804773	-0.11862822864339584	0.6366550944569253	-0.7667359011912853
440.	-0.2912586306604669	-0.24086254472412033	0.6371885646804306	-0.7705086265314632
441.	-0.4284162630948508	-0.35284754609955804	0.6313582962241305	-0.7665751219591769
442.	-0.5487780535301849	-0.45013954889291696	0.6192533313727425	-0.754949390173425
443.	-0.6474412476775	-0.52890618198176	0.6010251729782417	-0.7357227463031708
444.	-0.7203611710668978	-0.5860773454978412	0.5768859625161572	-0.7090631523340294
445.	-0.7645170381532618	-0.6194648090818972	0.547106056676102	-0.6752137773333428
446.	-0.7780370262409632	-0.6278457935632041	0.5120110298024463	-0.6344907954984303
447.	-0.7602774381518997	-0.6110073508785853	0.4719781351719815	-0.5872804417940185
448.	-0.7118526127937813	-0.5697499492645057	0.42743226340424473	-0.5340353525101369
449.	-0.6346142187381989	-0.5058503193632685	0.3788414411963464	-0.47527022538375824
450.	-0.5315806032881838	-0.421985255228559	0.32671191800698574	-0.41155684091217315
451.	-0.4068188862615645	-0.3216196263886738	0.2715828922454635	-0.3435184930698547
452.	-0.26528440237764417	-0.20886328059839343	0.21402093190936944	-0.2718238837562602
453.	-0.11262383110544383	-0.0883027450506107	0.1546141474306033	-0.19718054088693626
454.	0.04505016247832064	0.03518538186207791	0.09396617670689009	-0.12032782503398884
455.	0.2014037785742676	0.15663175407831983	0.03269004389508303	-0.042029593874501475
456.	0.3501366136752143	0.27117432958602483	-0.028598045488370326	0.036933402630583714
457.	0.4852356390545969	0.3742530936806001	-0.0892849102833986	0.1157713204681675
458.	0.60121838456248	0.46179165216292056	-0.14876653764808676	0.19369313517832112
459.	0.6933554892471824	0.5303584606173607	-0.2064541036326531	0.2699145914018985
460.	0.7578635821750273	0.5773013119067657	-0.26177981028738573	0.34366610834367595
461.	0.7920606257112746	0.60084981235063	-0.31420248138042495	0.41420056133616756
462.	0.7944773433971937	0.6001818918039907	-0.3632128615308145	0.48080086070859884
463.	0.7649201062670045	0.5754518600322867	-0.40833856683460296	0.5427872509838378
464.	0.7044825950952079	0.5277790815233463	-0.44914863884343714	0.5995242560268755
465.	0.6155056137958216	0.45919792990373864	-0.48525765800307075	0.6504271991277464
466.	0.5014865183154684	0.37257123729556785	-0.5163293773303207	0.6949682310869818
467.	0.36694176166418185	0.27147091085214337	-0.5420798421501436	0.7326818041439376
468.	0.21722795688405686	0.1600306901848439	-0.5622799670783445	0.7631695350008598
469.	0.05832854864967546	0.0427771138365417	-0.5767575470633348	0.7861044061950571
470.	-0.10338540794979428	-0.07555439262028452	-0.5853986851346192	0.8012342615993117
471.	-0.2614107937150592	-0.190210832571161	-0.5881486254865188	0.8083845588223044
472.	-0.40937404262090554	-0.2966126262711969	-0.5850119865908926	0.8074603486664336
473.	-0.5412883012196283	-0.39053659325909484	-0.5760523951225828	0.798447459507364
474.	-0.6517957504510865	-0.4682836153341678	-0.5613915275317846	0.7814128724099917
475.	-0.7363852784065636	-0.5268243220903054	-0.5412075720500032	0.7565042809112777
476.	-0.7915766582453851	-0.5639170613965613	-0.515733129709137	0.7239488375984892
477.	-0.8150637106861449	-0.5781935635742315	-0.48525257852914605	0.6840510978116674
478.	-0.8058105628466717	-0.5692090329513658	-0.45009893033420534	0.6371901789163303
479.	-0.764096989705867	-0.537454849639436	-0.410650214636061	0.5838161615474969
480.	-0.6915108661619342	-0.484333578726471	-0.36732542862896167	0.5244457669360242
481.	-0.5908878846668886	-0.4120975022615011	-0.3205800965270657	0.4596573518165751
482.	-0.46620082015115466	-0.3237533502451313	-0.2709014852031605	0.3900852694066657
483.	-0.3224026646147461	-0.2229372518123053	-0.21880352631941075	0.3164136514675914
484.	-0.16522982578294299	-0.11376510336377667	-0.16482149784841374	0.2393696724434064
485.	-0.0009732116161183663	-0.0006645101621112481	-0.1095065200387649	0.15971636206080395
486.	0.16377366110570843	0.11180483559867056	-0.0534199224657381	0.07824503750675299
487.	0.322379444395154	0.21913505104741285	0.00287246018900083	-0.004232569669929315
488.	0.4684419859386423	0.317050813708268	0.05880600557332659	-0.08689241350299727
489.	0.5960468486058679	0.40167971704249844	0.11382297644034631	-0.1689063794669156
490.	0.7000068797105193	0.4697054402099864	0.16737809165622508	-0.24945059362335753
491.	0.7760731229025242	0.5184976726449791	0.2189439396766335	-0.32771371156585427
492.	0.8211084947785288	0.5462137046317082	0.26801618063306143	-0.40290510364728
493.	0.8332171264577163	0.5518677649192988	0.31411848561292277	-0.4742628537926136
494.	0.8118240387910393	0.535365507247743	0.35680716466988965	-0.5410614908531406
495.	0.7577018079889836	0.49750246537450943	0.39567543853154163	-0.6026193739347431
496.	0.6729430066554812	0.43992675310767204	0.43035731284056816	-0.658305656409945
497.	0.560879388024325	0.36506772303908996	0.46053101803453794	-0.7075467573681373
498.	0.4259509307102705	0.27603365733471624	0.48592198258808394	-0.7498322740353431
499.	0.27352989071614875	0.17648279175605977	0.506305312264808	-0.7847202741542814
500.	0.10970683461334446	0.070473021362158	0.5215077531988095	-0.8118419134077146
501.	-0.05895282149010744	-0.03770353804471199	0.531409121995892	-0.8309053296301647
502.	-0.22567203162035168	-0.14369438666036854	0.5359431915539103	-0.8416987727209605
503.	-0.3837345411673795	-0.2432618326620199	0.5350980268952527	-0.8440929367737117
504.	-0.5267555546718053	-0.3324524850492056	0.5289157709214769	-0.8380424688976816
505.	-0.6489397379556183	-0.4077542656837445	0.5174918855866433	-0.8235866374454456
506.	-0.7453161252773441	-0.4662347030436439	0.5009738594818025	-0.8008491507961394
507.	-0.8119404068228979	-0.5056550622362244	0.4795593981737304	-0.7700371263896808
508.	-0.8460563627882054	-0.5245558722631163	0.45349411879381574	-0.7314392182774014
509.	-0.8462098364693023	-0.5223105905101976	0.42306877527386844	-0.6854229199631043
510.	-0.812310535400733	-0.499145447365298	0.38861604522893767	-0.6324310676679528
511.	-0.7456390408548214	-0.4561248874604283	0.3505069137450364	-0.5729775772785788
512.	-0.6487986080714291	-0.3951034124916282	0.30914669320333044	-0.5076424560469731
513.	-0.5256135638971836	-0.3186459778289956	0.2649707217221404	-0.43706613752339646
514.	-0.3809782654236938	-0.2299203471507098	0.21843978579428774	-0.3619431951437746
515.	-0.2206625855797256	-0.13256591625015743	0.1700353152094664	-0.28301549628900546
516.	-0.05108165832448956	-0.030544435279428704	0.12025440035912774	-0.20106486442011423
517.	0.12096092470560671	0.07202124779970989	0.06960468350704732	-0.11690532200954241
518.	0.2885461821109347	0.17101385740385278	0.018599176559447303	-0.03137499138210506
519.	0.4449181110765808	0.2624870339603899	-0.03224894171983193	0.054672265796338604
520.	0.5837561522874513	0.342822708419879	-0.08243149623393431	0.14037538682727996
521.	0.6994307589172053	0.4088742296798437	-0.13145040166758057	0.2248747385501873
522.	0.7872317322260051	0.4580895820730891	-0.1788226132338205	0.3073207535194481
523.	0.8435600596137197	0.48860986928226807	-0.22408489279682026	0.38688248488316457
524.	0.8660754402699461	0.4993392690271694	-0.2667983433059478	0.4627559936865031
525.	0.8537934512717419	0.4899838369397393	-0.3065526671322363	0.5341724838211815
526.	0.8071283225663386	0.4610578098840261	-0.3429701069880101	0.6004061021993375
527.	0.7278794720335255	0.41385737666025113	-0.37570903160057145	0.6607813249228401
528.	0.6191622141229842	0.3504031941143656	-0.40446713216252483	0.7146798542165895
529.	0.4852853063657465	0.2733541763795081	-0.4289841997544591	0.7615469556584739
530.	0.33158014658441365	0.18589622431511094	-0.449044458384114	0.8008971707223598
531.	0.1641883930104715	0.09161054598677465	-0.4644784329646181	0.832319345800012
532.	-0.010183529671054348	-0.0056729913698359	-0.47516433641312905	0.8554809256224484
533.	-0.18453322186688786	-0.10203147255104222	-0.4810289650393937	0.8701314662940407
534.	-0.35184362093936555	-0.1936071844280755	-0.48204809646111896	0.8761053309112982
535.	-0.5053655276160326	-0.2767621186299215	-0.47824638937569963	0.8733235388857352
536.	-0.638889967221635	-0.34822253660226077	-0.4696967895862532	0.861794748544621
537.	-0.7469993905943146	-0.4052078508282571	-0.4565194516701793	0.84161536126146
538.	-0.8252875481675862	-0.4455387485136507	-0.43888019054192456	0.8129687441816552
539.	-0.8705391109149667	-0.46772035628669584	-0.4169884818487545	0.776123577470755
540.	-0.8808617145572275	-0.47099727984838485	-0.3910950346026937	0.7314313408330958
541.	-0.8557650047897828	-0.45537850810379793	-0.3614889636488094	0.6793229627392648
542.	-0.7961833852871106	-0.42163139963576685	-0.3284945934590184	0.6203046642741608
543.	-0.7044414317259688	-0.37124522037000285	-0.2924679282824285	0.5549530376869248
544.	-0.5841632431605475	-0.30636592429357234	-0.2537928268457491	0.48390940750872835
545.	-0.44012926382550777	-0.2297050149809467	-0.21287692254852295	0.40787352942260874
546.	-0.27808623255964593	-0.1444263487787189	-0.17014733241255714	0.32759668884963866
547.	-0.10451781760858206	-0.05401560041469137	-0.1260461999029306	0.2438742673855345
548.	0.07361490550543531	0.0378622249761622	-0.08102611812167643	0.15753785072034537
549.	0.24915274119131517	0.12751140819394458	-0.03554548077365698	0.06944695644218414
550.	0.4150262163251227	0.21135423241666326	0.009936191288143456	-0.019519535883919633
551.	0.5645404005726344	0.2860738130189944	0.05496290021627989	-0.10847216680190663
552.	0.6916452250175774	0.348745336681642	0.09908675087342121	-0.19651980334063304
553.	0.7911803805246228	0.3969505162257452	0.14187241399368622	-0.28277858037092807
554.	0.8590848793544086	0.42887078368763126	0.1829014282255331	-0.3663807870961382
555.	0.8925627673105136	0.44335563533135613	0.2217762984476801	-0.44648360919463737
556.	0.8901982233540461	0.4399635712761304	0.25812435013976104	-0.5222776384007773
557.	0.8520153093344528	0.4189741966042567	0.29160130237621557	-0.5929950634700227
558.	0.7794798531456507	0.3813712240968634	0.3218945251636368	-0.6579174595060572
559.	0.6754432750970525	0.32879729337675645	0.3487259503236869	-0.7163830965020537
560.	0.5440305060176347	0.2634826497825672	0.37185460889687055	-0.7677936926293697
561.	0.39047640233972647	0.18815076355110788	0.39107877206682634	-0.8116205432485833
562.	0.22091714701152104	0.10590487467538345	0.4062376768357501	-0.8474099627664176
563.	0.042144951239476314	0.020100185640572144	0.417212822074929	-0.8747879832583481
564.	-0.13866413334143182	-0.06579303531097713	0.42392882508289637	-0.8934642611515448
565.	-0.3142383803119653	-0.14832985393995746	0.426353833359947	-0.9032351511444006
566.	-0.4775029556232899	-0.22422889056004836	0.42449949090348404	-0.9039859148483045
567.	-0.6218651106416884	-0.29050281340091927	0.41842046289761564	-0.8956920402904188
568.	-0.7414805002929573	-0.34457591384176234	0.4082135271631133	-0.8784196573274274
569.	-0.8314898643067676	-0.3843841361609958	0.39401624510651256	-0.8523250430994955
570.	-0.8882164834040169	-0.40845368014479694	0.37600522911389295	-0.8176532208088225
571.	-0.9093163846630961	-0.4159551910954983	0.35439402733573216	-0.7747356642464639
572.	-0.8938751589931109	-0.40673156103666247	0.3294306505601453	-0.7239871295221937
573.	-0.8424473931087041	-0.3812984455225731	0.30139476934233206	-0.6659016442821548
574.	-0.7570370228752346	-0.34081770816753154	0.2705946127072718	-0.6010476932400295
575.	-0.641019291792632	-0.2870450948378763	0.23736360254813332	-0.5300626470109117
576.	-0.4990073520473164	-0.2222544674999555	0.20205676027125308	-0.45364648894107273
577.	-0.33666878107815895	-0.14914185297125657	0.16504692427392523	-0.3725549017915891
578.	-0.16049931366669035	-0.07071334774960532	0.12672081846181943	-0.2875917826868002
579.	0.022437173897098477	0.009838463882520906	0.0874750132072823	-0.19960126061216227
580.	0.20479201550720372	0.08926449861649774	0.047711820908772476	-0.10945929588047207
581.	0.37922707231107666	0.16439027599493997	0.007835168631061153	-0.018064945326394372
582.	0.538710142720006	0.23224284141388182	-0.03175350981395622	0.07366861950646886
583.	0.6767985684572971	0.29016843369880313	-0.07065932054025974	0.1648232512925467
584.	0.787899594577082	0.3359362392692267	-0.10849785418795613	0.2544850313435811
585.	0.8674969580273526	0.3678241778967646	-0.1448989890149111	0.3417534470919422
586.	0.9123345216264902	0.38468342646836107	-0.17951051482783678	0.42575045033195613
587.	0.920549484909174	0.3859792748054004	-0.21200154225773313	0.5056293049663985
588.	0.8917497217104386	0.3718068844354553	-0.2420656643871001	0.5805831349782169
589.	0.8270320357682989	0.3428815469679723	-0.2694238405583081	0.6498530862229008
590.	0.7289405000847676	0.3005040714552645	-0.2938269753003451	0.7127360193857902
591.	0.6013664578271375	0.24650292799017923	-0.3150581686716723	0.7685916560354318
592.	0.44939411503577686	0.1831556977495894	-0.3329346178934366	0.8168491050824906
593.	0.2790978534334839	0.11309319107902766	-0.3473091539007919	0.857012703072117
594.	0.09729934637333743	0.03919026322288843	-0.35807140033109597	0.8886671085339986
595.	-0.08870580675179904	-0.03555214377576138	-0.36514854645494177	0.9114815980222343
596.	-0.2714409687858161	-0.10812889327478059	-0.3685057295974152	0.9252135194222522
597.	-0.44354911288747045	-0.175651527957444	-0.36814602665098994	0.9297108665057703
598.	-0.598089136095632	-0.23546326172763907	-0.3641100583061567	0.9249139474925787
599.	-0.7288158993535301	-0.28524351022783434	-0.3564752135785886	0.910856129443407
600.	-0.8304326914796358	-0.3230978474604499	-0.34535450605569445	0.8876636495685495
601.	-0.8988059074333004	-0.3476299046107717	-0.3308950769768123	0.8555544939024162
602.	-0.9311332371062118	-0.3579924905798033	-0.3132763637683892	0.8148363531677068
603.	-0.9260585197437436	-0.3539160797308205	-0.29270795593899857	0.7659036749429541
604.	-0.8837285566079458	-0.33571374487465155	-0.26942716327005173	0.709233840358929
605.	-0.8057895049376098	-0.3042625741512785	-0.24369632398408825	0.6453825023913116
606.	-0.6953229060332557	-0.26096256002766516	-0.21579988301065622	0.5749781313003163
607.	-0.5567238316439631	-0.20767484876366818	-0.18604127257303749	0.4987158208062966
608.	-0.39552596779179816	-0.14664205342363368	-0.15473962907214966	0.41735041610286133
609.	-0.21818059951203986	-0.08039403066528175	-0.12222638162804883	0.3316890317185994
610.	-0.03179832702444054	-0.011643074044578143	-0.08884174864525148	0.24258303347591387
611.	0.1561361420573808	0.05682713650690992	-0.05493117938648213	0.1509195642953144
612.	0.33806468025443676	0.1222742820574301	-0.02084177776798942	0.057612698300952524
613.	0.5066598230376912	0.18210728079463503	0.013081254571466226	-0.036405688451959246
614.	0.6551200081102614	0.2339888887890539	0.04649811942177032	-0.13019523932412616
615.	0.7774440707522975	0.2759269619054791	0.07907783178822962	-0.2228165371406675
616.	0.8686739131001904	0.30635081693539806	0.1105015040146674	-0.31334052843561067
617.	0.92509553109026	0.3241697705485209	0.14046547157498002	-0.40085785720280503
618.	0.9443902458719642	0.32881168671700134	0.16868422982403192	-0.4844880142328789
619.	0.925729980347251	0.3202401951765599	0.19489315326054663	-0.5633882098315717
620.	0.8698126662534178	0.29895012066334836	0.21885097139324028	-0.6367618803614281
621.	0.7788362727880533	0.26594154903674316	0.24034197808836266	-0.7038667426011216
622.	0.6564124174815366	0.2226738158973194	0.2591779542792874	-0.7640223143413717
623.	0.5074229544401648	0.17100150134593933	0.2751997871044842	-0.8166168248885004
624.	0.33782523608559445	0.11309521937169442	0.28827877187246714	-0.8611134451765272
625.	0.15441381921567413	0.05135057440465096	0.29831758669629854	-0.8970557739352271
626.	-0.03545184928272049	-0.011710901575065658	0.3052509331564536	-0.9240725237585045
627.	-0.22414284893379352	-0.07354473664492972	0.30904583990286255	-0.9418813588912489
628.	-0.40406744136714406	-0.13168622438961042	0.309701629656819	-0.9502918450230688
629.	-0.5679766338743633	-0.18384870003454268	0.30724955358222117	-0.949207480260284
630.	-0.7092563472483597	-0.2280134673426499	0.3017521004283749	-0.9386267856528143
631.	-0.8221944076778749	-0.262507839997145	0.29330199116625677	-0.9186434430889981
632.	-0.9022115809814633	-0.28606828388698313	0.2820208730133046	-0.8894454779426406
633.	-0.9460473015265696	-0.29788628563214975	0.26805772973675135	-0.8513134934665777
634.	-0.9518925605772012	-0.29763530053165865	0.2515870279108709	-0.8046179734794857
635.	-0.9194645370173338	-0.28547791927598254	0.2328066213538227	-0.7498156792890581
636.	-0.8500198924621517	-0.262053204593544	0.21193543825901867	-0.6874451759422203
637.	-0.7463061187436955	-0.22844495318321972	0.1892109775432969	-0.6181215316967549
638.	-0.6124528194596601	-0.1861324021977294	0.16488664264063413	-0.5425302429812302
639.	-0.4538072282795799	-0.136925592583109	0.1392289423624781	-0.4614204449644648
640.	-0.2767205173954076	-0.08288819638291904	0.11251458951016535	-0.37559747511403263
641.	-0.08829343900546933	-0.026251088647235382	0.08502752865557175	-0.28591486370969144
642.	0.10390850942655783	0.03067972097657322	0.057055924898370455	-0.19326583112683493
643.	0.29215896598994623	0.08561699849080286	0.028889145460664484	-0.09857437675518171
644.	0.4688814205282114	0.13638421241563242	0.0008147656970263461	-0.0027860486199842603
645.	0.6269542658335521	0.18100178116988466	-0.026884369514909356	0.0931415139188297
646.	0.759997896847302	0.2177642226309574	-0.05393299897008111	0.1882481696321625
647.	0.8626322793747593	0.24530520082734422	-0.08006618412285761	0.2815809008640675
648.	0.9306945854469674	0.26264799498267144	-0.10503190659821583	0.3722033782997368
649.	0.9614080883982443	0.2692395402960776	-0.12859349875905055	0.45920536891624253
650.	0.9534954631719024	0.26496688127299106	-0.15053188390869557	0.5417118924498094
651.	0.9072318680753004	0.2501556080645393	-0.17064760498001738	0.6188920341434908
652.	0.8244356036394427	0.22555058387850183	-0.18876262303250324	0.6899673248987706
653.	0.7083966551513743	0.1922799868920775	-0.20472186951908103	0.7542196042119809
654.	0.5637459267808844	0.15180435431893197	-0.2183945390650202	0.8109982863874522
655.	0.39627036625103884	0.10585290290972954	-0.22967511239190053	0.8597269564354958
656.	0.21268136327270065	0.056349886258899695	-0.23848410198734582	0.8999092287236192
657.	0.02034569427025501	0.00533411632283215	-0.2447685161359251	0.931133808789018
658.	-0.17301019614865895	-0.045124988890511364	-0.2485020399537426	0.9530787066658276
659.	-0.35961070152154784	-0.09301137523960396	-0.24968493507782402	0.9655145585519304
660.	-0.5319438642766279	-0.13644293175369038	-0.24834366262011665	0.9683070225535928
661.	-0.6830639016619999	-0.17374545747813464	-0.24453023687251826	0.9614182235121896
662.	-0.8068712586311473	-0.20351710925895103	-0.23832132001585374	0.9449072314430311
663.	-0.8983588916946119	-0.22468085331479204	-0.22981707071158566	0.9189295678071389
664.	-0.9538148357831657	-0.23652296795051947	-0.2191397619164187	0.88373574359464
665.	-0.9709728561705042	-0.23871624153832005	-0.20643218552970466	0.8396688429263449
666.	-0.9491050693923849	-0.23132715348202654	-0.1918558635403925	0.7871611754797715
667.	-0.8890527473548011	-0.2148069892706885	-0.1755890871660194	0.726730030421296
668.	-0.7931940038372709	-0.1899674964496131	-0.15782480704813168	0.6589725735825727
669.	-0.6653496024314451	-0.15794230963341446	-0.13876839888062437	0.5845599382663464
670.	-0.5106306173695352	-0.12013593456673027	-0.11863532987895031	0.5042305682160427
671.	-0.33523402325887264	-0.07816256152526287	-0.09764875224793496	0.4187828788531708
672.	-0.14619439187750055	-0.03377735852001753	-0.0760370502650205	0.3290673098012735
673.	0.048898350994964535	0.01119683931455438	-0.05403136776185015	0.23597784790095144
674.	0.24220378002723716	0.054944385333633904	-0.03186314266395277	0.1404431053200656
675.	0.4259461865637958	0.09573014824848489	-0.009761674836547192	0.04341704191515402
676.	0.5927274787033038	0.1319683477705393	0.012048247205722944	-0.054130575337025026
677.	0.7358251689831025	0.1622841675601429	0.03334863612673062	-0.15122388028625655
678.	0.84946344238278	0.18556575342419496	0.05393048875258694	-0.24689068560815586
679.	0.9290463703340189	0.20100463691579948	0.07359584028456617	-0.34017223273088093
680.	0.9713438506301738	0.20812313027668286	0.09215966949297995	-0.4301328157533019
681.	0.9746227479773224	0.20678779605806633	0.10945163652247432	-0.515869182591583
682.	0.9387179094376802	0.1972086799947749	0.1253176369966981	-0.5965196187387509
683.	0.865040144869815	0.1799245842296316	0.1396211583214639	-0.6712726221252614
684.	0.7565207975592484	0.15577522547456515	0.1522444264247192	-0.7393750815937443
685.	0.6174950825640952	0.1258616460734795	0.1630893336112587	-0.8001398764130044
686.	0.4535288370977737	0.09149670430804363	0.17207814072231387	-0.852952820003214
687.	0.27119560911958207	0.05414784578308368	0.17915394934706425	-0.8972788775698415
688.	0.07781301515617955	0.01537463617765078	0.1842809424034812	-0.9326675945847624
689.	-0.11885105473443468	-0.02323629286521156	0.18744439396435952	-0.9587576809340985
690.	-0.3108905846317871	-0.06013617374043445	0.18865045172021971	-0.9752807039973903
691.	-0.49057938465708534	-0.09387625147985013	0.18792569791693547	-0.982063852845198
692.	-0.6506820551905813	-0.12316465608517352	0.18531649695661634	-0.9790317450536679
693.	-0.7847454428027033	-0.1469157663556837	0.18088814008038454	-0.9662072572403821
694.	-0.8873588429470483	-0.16429018319709449	0.1747237996367445	-0.9437113702301103
695.	-0.9543724535848147	-0.17472385219626674	0.1669233073586772	-0.9117620296622436
696.	-0.9830652565626985	-0.1779453498768184	0.15760177280708815	-0.8706720327544408
697.	-0.9722555327113982	-0.17398085488150003	0.14688805967043653	-0.8208459617385391
698.	-0.9223495208196018	-0.1631468427287689	0.13492313892421554	-0.7627761940872201
699.	-0.835326217282057	-0.1460310490617412	0.12185833894094894	-0.6970380289550213
700.	-0.7146588823164791	-0.12346272057217308	0.10785351348849917	-0.6242839781712277
701.	-0.5651763667965202	-0.09647359586164853	0.09307514915719936	-0.5452372785553374
702.	-0.39286979832863456	-0.06625141368647322	0.07769443411114202	-0.46068469019257985
703.	-0.20465236848810522	-0.034088019738648556	0.06188531016426327	-0.3714686525262152
704.	-0.008081856247385898	-0.0013243254075350902	0.04582253003972467	-0.2784788766250162
705.	0.18894297087098458	0.03070554308538937	0.029679741287335665	-0.18264345769954898
706.	0.3784998774250391	0.06072858092890332	0.013627617713875849	-0.08491959681282435
707.	0.552961833505163	0.08758351288064274	-0.0021679416625958103	0.01371597528872923
708.	0.7053040172701714	0.11026566085641303	-0.017547527180834042	0.11227677625190624
709.	0.8293867843017296	0.1279643394918752	-0.03235982892835335	0.20977645404592188
710.	0.9202032009729944	0.14009139597675166	-0.04646312669567276	0.3052386735918412
711.	0.9740811581646515	0.14629990906325882	-0.05972664483133255	0.3977069088394929
712.	0.9888319036189824	0.14649249385367327	-0.07203175907930932	0.4862540419354841
713.	0.9638389828849835	0.1408191049667772	-0.08327304434606667	0.5699916730134362
714.	0.9000839737375562	0.12966467190000397	-0.09335915430839686	0.6480790469930768
715.	0.8001079408626242	0.11362731833877918	-0.10221352581487148	0.7197315075747597
716.	0.6679101242228558	0.09348829463469349	-0.10977490312585186	0.7842283933180326
717.	0.5087879017279013	0.07017507454789329	-0.11599767915925235	0.840920296253165
718.	0.3291244328354187	0.04471932112818772	-0.12085205303365787	0.889235609835978
719.	0.136132499142356	0.018211602937021176	-0.12432400530627558	0.9286863001551922
720.	-0.06243517419010964	-0.008245165203940252	-0.12641509436421283	0.9588728420679914
721.	-0.2585974775722333	-0.03358157533688827	-0.1271420794234569	0.979488270294439
722.	-0.44446583110897764	-0.056804968455976046	-0.1265363774968472	0.9903213043617421
723.	-0.6125615449332348	-0.07703831642494147	-0.1246433634912496	0.9912585155669441
724.	-0.7561168532266027	-0.09355322114013376	-0.12152152426366608	0.9822855137276064
725.	-0.8693474999054365	-0.10579579451256321	-0.11724147899232851	0.9634871413190197
726.	-0.9476858927689691	-0.11340451510329201	-0.1118848795811167	0.9350466725542352
727.	-0.9879654244383642	-0.11621952039888457	-0.10554320600476387	0.8972440249510388
728.	-0.9885485192032881	-0.1142831715212106	-0.0983164725030088	0.8504530008462552
729.	-0.9493932261736486	-0.10783210308881304	-0.09031186133639556	0.7951375860645741
730.	-0.8720556500077942	-0.09728132886125246	-0.08164230141761239	0.7318473424272474
731.	-0.7596280915678166	-0.08320129867875609	-0.0724250095224292	0.6612119399010217
732.	-0.6166153582680477	-0.06628908077659124	-0.0627800119667514	0.5839348828479731
733.	-0.4487541934604012	-0.047335064786843586	-0.052828664602411785	0.5007864929545189
734.	-0.26278306565849224	-0.02718673635328231	-0.042692188746116216	0.41259621891190684
735.	-0.06617155939497017	-0.006711158991426047	-0.032490240209720606	0.32024434971528015
736.	0.13317976065854906	0.013242189447042585	-0.022339527958014666	0.22465321447340592
737.	0.32725694778105163	0.031876638458852205	-0.012352498089983018	0.12677795681928147
738.	0.5082549612209044	0.04848014516605637	-0.0026360978321106517	0.027596976325080187
739.	0.6688916779544992	0.06245244176979963	0.006709366937909585	-0.07189786728570072
740.	0.8027009899418523	0.07332647772529208	0.015591268437161923	-0.17071118890861542
741.	0.9042931854408297	0.08078340229935872	0.023925577242775414	-0.26785405214959784
742.	0.9695721251122014	0.08466063730154944	0.031637656888054325	-0.36235388263409873
743.	0.9959004585322961	0.08495290590844765	0.03866292525685249	-0.4532642209977524
744.	0.9822062146409832	0.08180639736981812	0.044947376970924546	-0.5396742175878337
745.	0.929026456654689	0.0755065451454703	0.050447962744571945	-0.6207177734591404
746.	0.8384862232714501	0.0664601648158652	0.055132823489197375	-0.6955822357613998
747.	0.7142135817356804	0.05517292664778278	0.058981378766084475	-0.7635165600556686
748.	0.5611941897141891	0.04222331671392687	0.06198427098745163	-0.8238388574208646
749.	0.38557119842618137	0.02823436310508004	0.06414316852962693	-0.8759432503622204
750.	0.19439853097498472	0.013844465848633636	0.06547043263050917	-0.9193059684533078
751.	-0.004642551359840132	-0.00032133072506740357	0.0659886545721351	-0.9534906222607631
752.	-0.20355220172890698	-0.013678344808818244	0.06573007118150231	-0.9781526023393101
753.	-0.39433364384588676	-0.0257063815295141	0.06473586810076237	-0.9930425588630197
754.	-0.5693147934766025	-0.03596997985406519	0.06305538156300489	-0.9980089266867227
755.	-0.7214569049427296	-0.044133994451221015	0.06074521054998855	-0.9929994702173842
756.	-0.8446378209797516	-0.04997396313358629	0.057868252189498454	-0.978061832321858
757.	-0.933898423083744	-0.05338096766665171	0.05449267406000308	-0.9533430815057861
758.	-0.9856423575032407	-0.05436095964529776	0.050690837704811476	-0.9190882616672174
759.	-0.9977809898938673	-0.05302878147598197	0.046538188104853516	-0.8756379587562406
760.	-0.969817743854704	-0.049597353440812335	0.04211212411966807	-0.8234249085578773
761.	-0.9028684165254318	-0.04436271055314581	0.037490864974723176	-0.7629696794587287
762.	-0.7996166400509106	-0.037685748152071596	0.03275232775395781	-0.6948754733622038
763.	-0.6642062673575339	-0.029971665535216352	0.027973030547466776	-0.6198220967882784
764.	-0.5020749992832741	-0.021648177239459138	0.023227035417506536	-0.538559162541709
765.	-0.3197359354515037	-0.013143589100832881	0.018584944681793225	-0.45189859007395927
766.	-0.12451582812151522	-0.004865810742712473	0.01411296318722624	-0.3607064797201981
767.	0.07573943787496096	0.0028167000838655934	0.009872038265999278	-0.26589444229299064
768.	0.27298029535820506	0.009591188232601393	0.00591708794698266	-0.1684104709947794
769.	0.45927718725811306	0.015213335652440799	0.002296326749990866	-0.06922944721706203
770.	0.6271394797309723	0.019515961018135505	-0.0009493029625775723	0.030656624520395033
771.	0.7698167647577552	0.02241337970512433	-0.003786587546818952	0.1302485545103236
772.	0.8815704278932082	0.023901343588205073	-0.0061903815383790375	0.22854997895615453
773.	0.9579045517546126	0.02405270385134113	-0.00814382657130057	0.3245773437661244
774.	0.9957468607898717	0.02300915229207631	-0.009638447916776668	0.41736976085123895
775.	0.9935724220888337	0.02096958732857237	-0.010674128421857564	0.5059986380127514
776.	0.9514651196584835	0.018175811073254493	-0.011258961239770299	0.5895769857746511
777.	0.8711144230131445	0.014896385999444664	-0.011408984328836191	0.6672683077587075
778.	0.7557475743779458	0.011409558386021396	-0.011147801236369353	0.7382949853786308
779.	0.6099999174779093	0.007986187531403177	-0.010506094159726975	0.8019460727047973
780.	0.4397285801768823	0.004873603627280232	-0.009521036668544092	0.8575844232711781
781.	0.2517770029279484	0.00228125446589289	-0.008235614766609056	0.9046530773003731
782.	0.05369978331816891	0.00036889535777101523	-0.0066978661500392	0.9426808452455593
783.	-0.14654109571677193	-0.0007620666205280235	-0.00496004856815957	0.9712870316136069
784.	-0.3408964344861516	-0.001073636239612763	-0.003077749101785987	0.990185251661055
785.	-0.521553502212071	-0.0005924583089598756	-0.0011089469292118737	0.9991863026583899
786.	-0.6812502181556821	0.000592826930225443	0.000886957255873122	0.9982000609050484
787.	-0.8135671887574121	0.002337931661008319	0.002850131584280602	0.9872363854543342
788.	-0.9131858522009157	0.004452604477571731	0.0047213092673459855	0.9664050194749542
789.	-0.9761023454922684	0.006713105075408662	0.006442776851677434	0.9359144902344693
790.	-0.9997884907675532	0.00887677411432419	0.007959340657946061	0.8960700187390358
791.	-0.9832934253850536	0.010697888384870242	0.009219257867536426	0.8472704600020702
792.	-0.9272817887696109	0.011943918643100598	0.010175119172864289	0.7900043046430648
793.	-0.8340069318115925	0.01241128005828604	0.010784670526478995	0.7248447819379031
794.	-0.7072202291202929	0.011939684699022513	0.01101156230436523	0.6524441134610098
795.	-0.5520201453504632	0.010424271116452	0.01082601512951023	0.5735269749845882
796.	-0.3746471306788829	0.007824794852081943	0.010205392672788277	0.48888323224798014
797.	-0.1822325997494903	0.004171310448160534	0.009134672946614936	0.39936002349888
798.	0.017487904673675676	-0.0004340467812938495	0.007606810916734236	0.3058532682654993
799.	0.21648582182496232	-0.005819370965127177	0.005622986665716645	0.20929868757932688
800.	0.4067624396050551	-0.011749367091470432	0.003192734828592947	0.11066242577149879
801.	0.5806705286927011	-0.01793556825210929	0.00033395257021942484	0.010931367966362675
802.	0.7312218058730713	-0.02404994736696268	-0.002927215034563814	-0.08889674955088389
803.	0.8523678598998996	-0.02974129504519432	-0.006556611742082295	-0.18782333683800423
804.	0.9392432423551971	-0.03465357677315933	-0.01051242690847333	-0.28485895533562355
805.	0.9883609496305761	-0.03844536095195074	-0.014745668591155316	-0.3790332300367722
806.	0.997752438944858	-0.040809331024662575	-0.01920074772448905	-0.4694045693171622
807.	0.9670465540286431	-0.041490864596535906	-0.02381616660395971	-0.5550695948949468
808.	0.8974841948421101	-0.04030468236485864	-0.028525303481953285	-0.6351721873082479
809.	0.7918681514452343	-0.03714863974421534	-0.033257283741479654	-0.7089120561684391
810.	0.6544501308203257	-0.03201385178070856	-0.03793792688868175	-0.7755527492312195
811.	0.49075953204850675	-0.024990502449623198	-0.04249075750793746	-0.8344290199747411
812.	0.3073808680884978	-0.016268885741634653	-0.046838067367783676	-0.8849534798305018
813.	0.11168879722989425	-0.006135449253713621	-0.05090201506626724	-0.9266224684108447
814.	-0.08844856895915496	0.0050361489394660786	-0.05460574897099624	-0.9590210829457464
815.	-0.2849861402035996	0.01679871377715242	-0.05787453875131976	-0.9818273166011077
816.	-0.47002537023695096	0.028649421295744826	-0.06063690052519849	-0.9948152643156973
817.	-0.6361318125054363	0.04005124389090048	-0.0628257005551805	-0.9978573641737519
818.	-0.776633936724525	0.05045698245512209	-0.06437922253097572	-0.9909256520303367
819.	-0.8858911910687723	0.05933484077444176	-0.06524218376850938	-0.9740920170289671
820.	-0.9595205350080955	0.06619437002553721	-0.06536668613574728	-0.9475274556952556
821.	-0.9945723413152856	0.07061155659820961	-0.06471308818013045	-0.9115003323558488
822.	-0.989648605098409	0.0722518285703391	-0.06325078577378429	-0.8663736636159671
823.	-0.9449587206845813	0.07088981619510276	-0.06095888960032057	-0.8126014544316454
824.	-0.8623106002283489	0.06642481826226802	-0.05782678897339588	-0.750724122835267
825.	-0.7450375098443065	0.05889109503938916	-0.05385459278483451	-0.6813630595187242
826.	-0.5978635851221927	0.04846232304923298	-0.049053439817492855	-0.6052143771563954
827.	-0.4267134539981159	0.03544979830236347	-0.04344567220603293	-0.5230419124720789
828.	-0.23847364190881853	0.020294252001432395	-0.037064867470835094	-0.4356695515380763
829.	-0.0407153715815943	0.003551433962102231	-0.029955726265937788	-0.3439729555681817
830.	0.1586100801679015	-0.014128089040060608	-0.022173814751371673	-0.24887077045698286
831.	0.3514912059017014	-0.03202419349352338	-0.013785162301805404	-0.15131540847141206
832.	0.5301784020064317	-0.04937653792678541	-0.00486571707594011	-0.0522834947601829
833.	0.6874954563300989	-0.06541678469134223	0.00449933622818076	0.04723392532559478
834.	0.8171278641377734	-0.07940234240761243	0.014216390338933967	0.1462413197471291
835.	0.9138763842572993	-0.09065015741063556	0.024184353292221128	0.24374864440367255
836.	0.9738656499666707	-0.09856903702556111	0.03429570078580217	0.33878125877664705
837.	0.9946994611700879	-0.10268900938524403	0.044437632024321924	0.4303896831373993
838.	0.9755565326406705	-0.10268631438802785	0.05449331664841037	0.5176590995004106
839.	0.9172228709860242	-0.09840277583944237	0.06434321905022064	0.5997185011207739
840.	0.8220595039198655	-0.08985852039000755	0.07386648523800693	0.675749398908399
841.	0.6939068866706368	-0.07725727631346901	0.08294237643675798	0.7449939976204395
842.	0.5379298572218498	-0.06098379371515178	0.09145173281539959	0.8067627600573632
843.	0.36040940208001065	-0.04159326459593943	0.0992784501236883	0.8604412836680375
844.	0.16848963128799846	-0.019792971970627182	0.10631095161192627	0.9054964209055372
845.	-0.030109840449705882	0.003583253327665681	0.11244363740274183	0.941481582297093
846.	-0.22740452260678173	0.027606856974323246	0.1175782934882233	0.968041169421142
847.	-0.41546618338350105	0.05129145487615555	0.12162544274178871	0.984914093740481
848.	-0.5867415689276959	0.07363333001836175	0.12450562075948773	0.9919363464337481
849.	-0.7343558895001683	0.09365386991767777	0.1261505599805331	0.9890425939056771
850.	-0.8523888738490244	0.11044215416379471	0.12650426637184586	0.9762667834445607
851.	-0.9361123025769404	0.12319584893484406	0.12552397399386364	0.9537417534343903
852.	-0.9821794864373624	0.13125859216199165	0.1231809639792529	0.9216978525194781
853.	-0.9887590934757227	0.13415215977763373	0.11946123584671516	0.8804605820612503
854.	-0.9556079715519817	0.13160188729087124	0.11436602061772198	0.8304472860202116
855.	-0.8840800696366145	0.12355407545012341	0.10791212689534659	0.7721629219430468
856.	-0.777071133377049	0.11018442440378251	0.10013211287862717	0.7061949559395555
857.	-0.6389014342164753	0.09189690512754267	0.09107427920558175	0.6332074333045533
858.	-0.47514128282496637	0.06931287515134724	0.08080247952362041	0.5539342846880076
859.	-0.2923863765602756	0.04325066121358184	0.0693957477521798	0.4691719353602302
860.	-0.09799204470367298	0.01469624674644418	0.05694774311069559	0.3797712920806223
861.	0.10022289657712102	-0.015233900939807234	0.043566016106803565	0.28662918828990047
862.	0.2942907513163492	-0.045336467793501686	0.02937110079597713	0.19067937374312066
863.	0.4764153490350148	-0.07436968957852533	0.014495440706168712	0.09288313923102462
864.	0.639285358689441	-0.10110456061358948	-0.0009178421517487877	-0.005780329344123468
865.	0.7763679148070102	-0.12437674349509634	-0.01671632382042837	-0.10432377060424951
866.	0.8821707590171619	-0.1431369916619592	-0.03273978726837347	-0.2017617424135147
867.	0.95246237400763	-0.15649791178658268	-0.04882184866924774	-0.2971204923487286
868.	0.9844412833407277	-0.16377500135575307	-0.06479168458788924	-0.3894477048897107
869.	0.9768477410193386	-0.16452009563921718	-0.08047584216796427	-0.4778220275884588
870.	0.9300133564613073	-0.15854564078853542	-0.09570011319576338	-0.5613622807533754
871.	0.8458467000136809	-0.14593856561613758	-0.11029145189579685	-0.6392362584168462
872.	0.7277555106207273	-0.12706293987670159	-0.12407991550818889	-0.710669032516511
873.	0.5805086770174553	-0.10255106503787434	-0.13690060612259145	-0.7749506772636449
874.	0.41004358426630994	-0.073283125847313	-0.14859559190013583	-0.8314433365498228
875.	0.2232266112766989	-0.04035601740104866	-0.15901578571950026	-0.8795875638923176
876.	0.027576444016435706	-0.005042432256104068	-0.16802275943248035	-0.9189078717746453
877.	-0.16903864195441176	0.03125827487396071	-0.17549047231374498	-0.9490174352250402
878.	-0.35871733686547586	0.06707555022794709	-0.18130689293807778	-0.9696219030125275
879.	-0.5338429494283914	0.10092723318050234	-0.18537549460781505	-0.9805222788403934
880.	-0.6873893813690843	0.1313808618341803	-0.18761660558173793	-0.981616844290357
881.	-0.8132031274742069	0.15711415737415665	-0.18796859671158495	-0.9729021049205463
882.	-0.9062499783256716	0.17697213830762154	-0.1863888906594159	-0.9544727507521568
883.	-0.9628165312044933	0.19001840870199882	-0.18285477863951993	-0.9265206322906155
884.	-0.9806584399514886	0.19557836271122048	-0.17736403257501923	-0.8893327631199318
885.	-0.9590894831193655	0.19327234452367265	-0.16993530267347035	-0.8432883698814626
886.	-0.8990079148393604	0.18303718756197973	-0.16060829267471155	-0.7888550200051843
887.	-0.8028590882920883	0.16513501461552677	-0.14944370739190607	-0.7265838668020288
888.	-0.674535905787702	0.14014869355074341	-0.1365229696250153	-0.6571040603626985
889.	-0.5192211490106059	0.10896389065570933	-0.12194770604649618	-0.5811163810470119
890.	-0.34317807744550244	0.07273822308355239	-0.10583900421789655	-0.49938616010946085
891.	-0.15349775856509412	0.0328585599350259	-0.08833644546211872	-0.4127355591113744
892.	0.04218667327744623	-0.009111964960088828	-0.06959692086099403	-0.32203528614660387
893.	0.2360073106155213	-0.05149520867975757	-0.049793240144274775	-0.22819583249414482
894.	0.4201779434785686	-0.09256514336465849	-0.029112545653985127	-0.13215831805183714
895.	0.5873069724560629	-0.13061816297452591	-0.007754545880001412	-0.034885037751351086
896.	0.7306941838741946	-0.16404370822768205	0.014070414757185292	0.06265019592758031
897.	0.8445994667692658	-0.19139228352947868	0.03614343117996781	0.15947181726868812
898.	0.9244726903470252	-0.21143799909431837	0.05823923744787228	0.25461228040064426
899.	0.9671355323572134	-0.22323295147988217	0.08012850890330395	0.3471217430982323
900.	0.9709079896543981	-0.22615105074625153	0.10158024309043043	0.436077564243981
901.	0.9356745337406736	-0.2199193018981443	0.12236419470277414	0.5205935198542178
902.	0.8628873062367002	-0.2046350370933302	0.14225333890717318	0.5998286454917626
903.	0.7555062839568427	-0.18076815427103216	0.16102633675392966	0.6729956167255213
904.	0.6178788784879826	-0.1491480251083366	0.17846997602653275	0.7393685840203894
905.	0.45556386887608	-0.11093536594674619	0.19438156081367441	0.7982903839974296
906.	0.275106800377222	-0.06757999360197203	0.20857122330768807	0.8491790553378231
907.	0.083775927514737	-0.020765987552400555	0.22086413184437453	0.8915335946526599
908.	-0.11073064209995606	0.027653674504139192	0.23110257000035345	0.9249388953297528
909.	-0.30059479872738826	0.075730472847096	0.2391478626458341	0.9490698206217801
910.	-0.4781927997864035	0.12149878913126283	0.244882126207302	0.9636943709750879
911.	-0.6364015115830539	0.16305627778816045	0.2482098220123663	0.968675914724853
912.	-0.7688842170660595	0.1986428788679645	0.24905909345292826	0.9639744607103954
913.	-0.870344517391471	0.22671519280065347	0.2473828697968895	0.9496469609978526
914.	-0.9367381499505885	0.24601308063000135	0.24315972177895834	0.9258466416408915
915.	-0.9654342484912044	0.25561562837198215	0.2363944565909375	0.8928213691638583
916.	-0.9553196131074123	0.254984011707238	0.2271184425385641	0.8509110701209249
917.	-0.9068418566699218	0.24398930245678888	0.21538965641625718	0.8005442305684378
918.	-0.8219897569564063	0.22292385174699253	0.2012924495392809	0.7422335114954277
919.	-0.7042116710587979	0.1924955430567123	0.18493703133738165	0.6765705250931582
920.	-0.5582753588334315	0.1538049050603455	0.16645867242317547	0.6042198251221506
921.	-0.39007491506530967	0.10830578098990451	0.14601663207089705	0.5259121724712564
922.	-0.2063926311106259	0.05775093900101283	0.12379281804455472	0.4424371442171309
923.	-0.014625410970790634	0.004124648005990203	0.09999018966655893	0.35463516101524273
924.	0.17751321821564697	-0.05043519149250352	0.07483091788589684	0.26338901341836796
925.	0.36230349191052824	-0.10372230624773562	0.04855431885903289	0.1696149726670207
926.	0.5323296955992961	-0.15355129754787186	0.02141458016407587	0.07425357558364633
927.	0.6807778773308313	-0.19784726548716625	-0.006321698798122237	-0.021739823618331974
928.	0.8017090286529219	-0.23473213478357435	-0.03437812843211624	-0.11740463955321873
929.	0.890296777467976	-0.2626040934162764	-0.0624712868207554	-0.21178468356475083
930.	0.9430200761805483	-0.280206791157672	-0.09031358630921323	-0.30393773664877777
931.	0.9578031895242993	-0.28668532211881287	-0.11761621979282061	-0.39294497138974843
932.	0.9340974149302487	-0.28162651994765553	-0.14409215651934418	-0.47792012852288834
933.	0.8729013182356448	-0.26508170709681367	-0.1694591563442882	-0.5580183563031006
934.	0.776718744122574	-0.2375707366854241	-0.19344277082521727	-0.6324446243489352
935.	0.6494563641228137	-0.20006691921943176	-0.21577929932186632	-0.7004616280055121
936.	0.49626495457320285	-0.15396320641747627	-0.23621866838372374	-0.7613971044837373
937.	0.32333085488803553	-0.10102077879106836	-0.2545272031622718	-0.8146504880352943
938.	0.13762605228991154	-0.04330192046037573	-0.27049026037907725	-0.8596988381494394
939.	-0.053373007274574946	0.016910266865634904	-0.2839146935057958	-0.8961019821416332
940.	-0.24198653702453382	0.07720218711108356	-0.2946311222642437	-0.9235068214706665
941.	-0.4206403236528047	0.13512653636691463	-0.30249598031815705	-0.9416507595858536
942.	-0.5821700073013136	0.18830167002399495	-0.3073933170873552	-0.9503642179890363
943.	-0.720108498503325	0.23450951479130966	-0.3092363319564111	-0.9495722164003695
944.	-0.8289449970912464	0.2717880008346255	-0.3079686217404859	-0.9392950023552847
945.	-0.9043452348912719	0.2985141656453043	-0.3035651251006066	-0.9196477251316266
946.	-0.9433241368327149	0.3134744177116806	-0.29603275062454104	-0.8908391585185407
947.	-0.944364020079399	0.31591893264149534	-0.2854106784932704	-0.853169486491899
948.	-0.9074736500373426	0.305597768847102	-0.2717703289913986	-0.8070271752599384
949.	-0.8341858567658724	0.28277701049007886	-0.2552149945667522	-0.7528849642930268
950.	-0.7274938892312429	0.2482340436805932	-0.23587913565974172	-0.691295017760062
951.	-0.5917291483394885	0.2032319160217621	-0.21392734407180078	-0.6228832861738146
952.	-0.4323852936671946	0.14947358532103053	-0.18955298118495023	-0.5483431359136424
953.	-0.25589586871191006	0.08903769565158086	-0.162976501845782	-0.4684283115687446
954.	-0.06937444908171497	0.024298293497653972	-0.13444347814690297	-0.3839453026558511
955.	0.1196721870842318	-0.042168418968554285	-0.10422234064071756	-0.2957451921460674
956.	0.3036462966806464	-0.10768663143422093	-0.0726018576685434	-0.20471506932932412
957.	0.47516464377197626	-0.16958869057350898	-0.039888376446792155	-0.1117690938007724
958.	0.6273549197614948	-0.22532374095168325	-0.006402852288140292	-0.017839300730458713
959.	0.7541312063097204	-0.2725628163371076	0.027522305180878323	0.07613375995679857
960.	0.8504374353179157	-0.3092960527889909	0.06154653774340436	0.16921045633316734
961.	0.9124491029821848	-0.33391796987819317	0.0953245633007406	0.26046148441099637
962.	0.9377251876655749	-0.3452972102612778	0.12850988504635277	0.3489771609069229
963.	0.9253042354682393	-0.34282772414841656	0.16075834937191127	0.43387650577407605
964.	0.8757408314063191	-0.3264591111470052	0.19173171592396665	0.5143160236993363
965.	0.791081077004937	-0.2967046591314247	0.22110120275735448	0.5894980969207757
966.	0.6747781499787666	-0.25462651535286984	0.2485509694469505	0.6586789057534316
967.	0.531551429673338	-0.20179835298012047	0.2737815013204056	0.7211757980781259
968.	0.3671949362602558	-0.1402468189939322	0.29651285866798727	0.7763740346968687
969.	0.18834286142990575	-0.07237392900049672	0.3164877558621984	0.8237328438323088
970.	0.002201682198343019	-0.0008633746445724788	0.3334744367719349	0.862790725082858
971.	-0.18374032104783966	0.07142560366208556	0.3472693146749377	0.8931699507671715
972.	-0.36201442890733687	0.14157258127676664	0.3576993470371824	0.9145802207237503
973.	-0.5254715966317455	0.20671397503645644	0.3646241180204066	0.9268214351945219
974.	-0.6675692529615865	0.26415995855657753	0.3679376043787633	0.929785559322835
975.	-0.782633274087267	0.3115054930110989	0.3675696034788612	0.9234575619537521
976.	-0.8660846389010439	0.34673089173728283	0.36348680550261	0.9079154207392026
977.	-0.9146217084290265	0.368287718462627	0.35569349542932005	0.8833291949339402
978.	-0.9263508711065223	0.3751663756451405	0.3442318741120855	0.8499591766216783
979.	-0.9008603834528307	0.36694245028643013	0.3291819916237059	0.8081531403452517
980.	-0.8392345282534146	0.34379972204212983	0.310661290011854	0.7583427201326217
981.	-0.7440076170121951	0.3065286694993392	0.28882375663007515	0.7010389516263008
982.	-0.619059783269949	0.2565002979599312	0.26385869326088385	0.6368270253471858
983.	-0.469458851019321	0.1956161161481454	0.23598911027503577	0.5663603049732691
984.	-0.30125472396569264	0.12623606909237872	0.20546975904023346	0.4903536718107344
985.	-0.1212346401142148	0.051087149759912825	0.17258481965350728	0.40957626330666597
986.	0.06335080385869674	-0.026843775126461515	0.13764526479240494	0.3248436794333476
987.	0.24507979496416207	-0.10442871343406815	0.10098592401364656	0.23700973600386405
988.	0.41665783740288986	-0.1785241477358074	0.06296227614025193	0.14695784840622242
989.	0.5712106643474556	-0.24609844191938562	0.023947000431970164	0.055592132825763474
990.	0.7025597614495773	-0.30435588887845966	-0.01567368000563573	-0.03617168527396408
991.	0.8054694546840112	-0.3508523232199648	-0.0555038266801947	-0.12741546384648264
992.	0.8758556774373645	-0.38359751999792063	-0.09514174806056747	-0.2172278456984837
993.	0.9109480896615431	-0.4011400950238919	-0.13418405612514853	-0.3047133762912973
994.	0.9093991120874481	-0.4026312958970842	-0.1722297761087039	-0.3890014465226705
995.	0.8713355843188537	-0.3878648996483847	-0.208884467547321	-0.4692549710118391
996.	0.7983510703288487	-0.35729138043525366	-0.2437643142495744	-0.5446787152164818
997.	0.6934392250468495	-0.31200554146880904	-0.27650014078507557	-0.6145271883842343
998.	0.5608710050603316	-0.2537078779957778	-0.3067413134849551	-0.678112023845272
999.	0.40602075967921614	-0.18464100932267233	-0.3341594847911732	-0.7348087734387456
1000.	0.23514828527566062	-0.10750354386649452	-0.35845214106654055	-0.7840630488817402